11110001000111111111111111110001
00010001000100010001111111111111
11110001111100011111111100010001
11111111111100010001000100011111
00011111111100011111111100011111
00011111000111111111000111111111
11111111111111111111111111111111
00011111111100011111000100011111
00010001111111110001000111110001
00010001000111110001111111110001
11110001000111111111111111111111
11111111111111111111111100010001
00011111000111111111000111110001
11110001111111110001111100011111
11110001111100010001000100010001
11111111111111111111111100010001
