1111000100011111000111111111111111111111000111111111000100011111
1111000100010001000100010001000100010001111100011111000100011111
1111000111110001000111110001000100011111111100010001000100011111
1111111111111111000100010001000111110001111111110001000111111111
0001111111111111000111110001111111111111111100011111000111111111
0001111111111111111111110001111111110001000111111111000111110001
1111111100010001000100011111000111110001000111111111000111111111
0001111111111111111111110001111100011111000100010001000111110001
0001000100010001000111111111111111111111111100011111111100011111
1111111100011111000100011111000100010001111111110001111100011111
1111000111110001111100011111111100011111000111111111000111110001
1111111111111111111111110001000111110001111111110001111111111111
0001111111110001000111110001000111111111000111110001111111111111
1111000100011111000111110001000111111111111111111111000100011111
0001111100010001000100011111000111110001111111111111111111111111
1111000100010001111111110001000111110001000100010001000111110001
