00000010010100010000010000000000
01000010001000010000100000010001
01001010000001000000100000010000
01001010000001000100101000000001
00000010000100010000010000000000
00000010000000000000100000000000
00000010000000000000100000000001
00000110000001000000100000000001
00000010000100000000100000000001
00000010000100000000100000000001
00000010000100000000100000010001
00000010000101000100100000100001
00000001000000000100010000000001
00000010000100000000100000000000
00000010001000000100100100000000
00000010000100000100100000010000
00000010010100010000010000000000
01000010001000010000100000010001
01001010000001000000100000010000
01001010000001000100101000000001
00000010000100010000010000000000
00000010000000000000100000000000
00000010000000000000100000000001
00000110000001000000100000000001
00000010000100000000100000000001
00000010000100000000100000000001
00000010000100000000100000010001
00000010000101000100100000100001
00000001000000000100010000000001
00000010000100000000100000000000
00000010001000000100100100000000
00000010000100000100100000010000
00000001000000000100010000000001
00000010000100000000100000000000
00000010001000000100100100000000
00000010000100000100100000010000