l
l
l
00000000000000000000000000000000
00000000000000000000000000000000
00000000000000000000000000000000
00000000000000000000000000000000
00000000000000000000000000000000
00000000000000000000000000000000
00000000000000000000000000000000
01000100000000000000001100100010
00000000000000000010000100000100
00000000000000000000000000000010
00000011000100000010000000000100
00000000000000000000000000000000
00000000000000000000000000000000
00000000001000000000000000000101
00000001001100000000000000000101
01100000111000000000000000000000
00000000101000000011000000000000
00000000000000000000000000000000
00000000000000000000000000000000
01010000000000000000000000000000
11110000100000000000000000000000
11110000111100000000000000000000
11110010111100000000000000000000
00000000000000000000000000000000
00000000000000000000000000000000
10010011000100100000000000110000
11010101010100110000000001000000
11110010110101110000000000010000
10100010100000100000000100100000
00000000000000000000000000000000
00000000000000000000000000000000
00000000000000000000000000000000
00000000000000000000000000000000
00000000000000000000000000000000
00000000000000000000000000000000
00000000000000000000000000000000
