l
l
l
00000000000000000000000000000000
00000000000000000000000000000001
00000000000000000000000000000000
00000000000000000000000000000000
00000000000000000000000000000001
00000000000000000000000000000001
00010000001000000000000000000000
00000000000100000000000000000000
00010000000000000000000000000000
00100000000100000000000000000000
01000000001100000000000000000000
00100000001100000000000000000000
00010000000000000000000000000000
00100001000100000000000000010000
00100000001000010000000000000000
00010000000100000000000000000000
00000000000000000000000000000000
00000000000000000000000000000001
00000000000000000000000000000000
00000000000000000000000000000000
00000000000000000000000000000001
00000000000000000000000000000001
00010000001000000000000000000000
00000000000100000000000000000000
00010000000000000000000000000000
00100000000100000000000000000000
01000000001100000000000000000000
00100000001100000000000000000000
00010000000000000000000000000000
00100001000100000000000000010000
00100000001000010000000000000000
00010000000100000000000000000000
00100001000100000000000000010000
00100000001000010000000000000000
00010000000100000000000000000000
00010000000100000000000000000000
