11111111000100010001111111110001
00010001000111110001111100011111
11110001111100011111111111111111
11111111000100010001000111110001
00010001111100011111111111111111
00011111000100011111111111111111
11111111111100010001111111111111
00011111111111111111000100010001
00010001000111110001111111110001
11110001111100010001111100010001
00010001000100010001111111110001
11110001111100011111111111110001
00010001000111111111111100010001
11110001111100011111000111110001
11111111111100010001000111110001
00011111000111111111000111110001
